 amsre_aqua              1  -1    0.626    0.000    6.000   10.000    0.000     -2     -1     -1
 amsre_aqua              2  -1    0.869    0.000    6.000   10.000    0.000     -2     -1     -1
 amsre_aqua              3  -1    0.728    0.000    6.000   10.000    0.000     -2     -1     -1
 amsre_aqua              4  -1    0.950    0.000    6.000   10.000    0.000     -2     -1     -1
 amsre_aqua              5  -1    0.922    0.000    6.000   10.000    0.000     -2     -1     -1
 amsre_aqua              6  -1    1.196    0.000    6.000   10.000    0.000     -2     -1     -1
 amsre_aqua              7  -1    1.169    0.000    6.000   10.000    0.000     -2     -1     -1
 amsre_aqua              8  -1    1.840    0.000    6.000   10.000    0.000     -2     -1     -1
 amsre_aqua              9  -1    0.843    0.000    6.000   10.000    0.000     -2     -1     -1
 amsre_aqua             10  -1    1.600    0.000    6.000   10.000    0.000     -2     -1     -1
 amsre_aqua             11  -1    1.955    0.000    6.000   10.000    0.000     -2     -1     -1
 amsre_aqua             12  -1    4.337    0.000    6.000   10.000    0.000     -2     -1     -1
