 ompslp_npp       1   -1  999.999  9.999  9.999 10.000  0.000
 ompslp_npp       2   -1  999.999  9.999  9.999 10.000  0.000
 ompslp_npp       3   -1  999.999  9.999  9.999 10.000  0.000
 ompslp_npp       4   -1  999.999  9.999  9.999 10.000  0.000
 ompslp_npp       5   -1  999.999  9.999  9.999 10.000  0.000
 ompslp_npp       6   -1  999.999  9.999  9.999 10.000  0.000
 ompslp_npp       7   -1  999.999  9.999  9.999 10.000  0.000
 ompslp_npp       8   -1  999.999  9.999  9.999 10.000  0.000
 ompslp_npp       9   -1  999.999  9.999  9.999 10.000  0.000
 ompslp_npp      10   -1  999.999  9.999  9.999 10.000  0.000
 ompslp_npp      11   -1  999.999  9.999  9.999 10.000  0.000
 ompslp_npp      12   -1  999.999  9.999  9.999 10.000  0.000
 ompslp_npp      13   -1  999.999  9.999  9.999 10.000  0.000
 ompslp_npp      14   -1  999.999  9.999  9.999 10.000  0.000
 ompslp_npp      15   -1  999.999  9.999  9.999 10.000  0.000
 ompslp_npp      16   -1  999.999  9.999  9.999 10.000  0.000
 ompslp_npp      17   -1  999.999  9.999  9.999 10.000  0.000
 ompslp_npp      18   -1  999.999  9.999  9.999 10.000  0.000
 ompslp_npp      19   -1  999.999  9.999  9.999 10.000  0.000
 ompslp_npp      20   -1  999.999  9.999  9.999 10.000  0.000
 ompslp_npp      21   -1  999.999  9.999  9.999 10.000  0.000
 ompslp_npp      22   -1  999.999  9.999  9.999 10.000  0.000
 ompslp_npp      23   -1  999.999  9.999  9.999 10.000  0.000
 ompslp_npp      24   -1  999.999  9.999  9.999 10.000  0.000
 ompslp_npp      25   -1  999.999  9.999  9.999 10.000  0.000
 ompslp_npp      26   -1  999.999  9.999  9.999 10.000  0.000
 ompslp_npp      27   -1  999.999  9.999  9.999 10.000  0.000
 ompslp_npp      28   -1  999.999  9.999  9.999 10.000  0.000
 ompslp_npp      29   -1  999.999  9.999  9.999 10.000  0.000
 ompslp_npp      30   -1  999.999  9.999  9.999 10.000  0.000
 ompslp_npp      31   -1  999.999  9.999  9.999 10.000  0.000
 ompslp_npp      32   -1  999.999  9.999  9.999 10.000  0.000
 ompslp_npp      33   -1  999.999  9.999  9.999 10.000  0.000
 ompslp_npp      34   -1  999.999  9.999  9.999 10.000  0.000
 ompslp_npp      35   -1  999.999  9.999  9.999 10.000  0.000
 ompslp_npp      36   -1  999.999  9.999  9.999 10.000  0.000
 ompslp_npp      37   -1  999.999  9.999  9.999 10.000  0.000
 ompslp_npp      38   -1  999.999  9.999  9.999 10.000  0.000
 ompslp_npp      39   -1  999.999  9.999  9.999 10.000  0.000
 ompslp_npp      40   -1  999.999  9.999  9.999 10.000  0.000
 ompslp_npp      41   -1  999.999  9.999  9.999 10.000  0.000
 ompslp_npp      42   -1  999.999  9.999  9.999 10.000  0.000
 ompslp_npp      43   -1  999.999  9.999  9.999 10.000  0.000
 ompslp_npp      44   -1  999.999  9.999  9.999 10.000  0.000
 ompslp_npp      45   -1  999.999  9.999  9.999 10.000  0.000
 ompslp_npp      46   -1  999.999  9.999  9.999 10.000  0.000
 ompslp_npp      47   -1  999.999  9.999  9.999 10.000  0.000
 ompslp_npp      48   -1  999.999  9.999  9.999 10.000  0.000
 ompslp_npp      49   -1  999.999  9.999  9.999 10.000  0.000
 ompslp_npp      50   -1  999.999  9.999  9.999 10.000  0.000
 ompslp_npp      51   -1  999.999  9.999  9.999 10.000  0.000
 ompslp_npp      52   -1  999.999  9.999  9.999 10.000  0.000
 ompslp_npp      53   -1  999.999  9.999  9.999 10.000  0.000
 ompslp_npp      54   -1  999.999  9.999  9.999 10.000  0.000
 ompslp_npp      55   -1  999.999  9.999  9.999 10.000  0.000
 ompslp_npp      56   -1  999.999  9.999  9.999 10.000  0.000
 ompslp_npp      57   -1  999.999  9.999  9.999 10.000  0.000
 ompslp_npp      58   -1  999.999  9.999  9.999 10.000  0.000
 ompslp_npp      59   -1  999.999  9.999  9.999 10.000  0.000
 ompslp_npp      60   -1  999.999  9.999  9.999 10.000  0.000
 ompslp_npp      61   -1  999.999  9.999  9.999 10.000  0.000
 ompslp_npp      62   -1  999.999  9.999  9.999 10.000  0.000
 ompslp_npp      63   -1  999.999  9.999  9.999 10.000  0.000
 ompslp_npp      64   -1  999.999  9.999  9.999 10.000  0.000
 ompslp_npp      65   -1  999.999  9.999  9.999 10.000  0.000
 ompslp_npp      66   -1  999.999  9.999  9.999 10.000  0.000
 ompslp_npp      67   -1  999.999  9.999  9.999 10.000  0.000
 ompslp_npp      68   -1  999.999  9.999  9.999 10.000  0.000
 ompslp_npp      69   -1  999.999  9.999  9.999 10.000  0.000
 ompslp_npp      70   -1  999.999  9.999  9.999 10.000  0.000
 ompslp_npp      71   -1  999.999  9.999  9.999 10.000  0.000
 ompslp_npp      72   -1  999.999  9.999  9.999 10.000  0.000
 ompslp_npp      73   -1  999.999  9.999  9.999 10.000  0.000
 ompslp_npp      74   -1  999.999  9.999  9.999 10.000  0.000
 ompslp_npp      75   -1  999.999  9.999  9.999 10.000  0.000
 ompslp_npp      76   -1  999.999  9.999  9.999 10.000  0.000
 ompslp_npp      77   -1  999.999  9.999  9.999 10.000  0.000
 ompslp_npp      78   -1  999.999  9.999  9.999 10.000  0.000
 ompslp_npp      79   -1  999.999  9.999  9.999 10.000  0.000
 ompslp_npp      80   -1  999.999  9.999  9.999 10.000  0.000
 ompslp_npp      81   -1  999.999  9.999  9.999 10.000  0.000
