 abi_g19                 7  -1    1.400    0.000    2.500   10.000    0.000     -2     -1     -1
 abi_g19                 8   1    3.000    0.000    4.000   10.000    0.000     -2     -1     -1
 abi_g19                 9   1    2.500    0.000    4.000   10.000    0.000     -2     -1     -1
 abi_g19                10   1    2.200    0.000    3.500   10.000    0.000     -2     -1     -1
 abi_g19                11  -1    2.000    0.000    2.500   10.000    0.000     -2     -1     -1
 abi_g19                12  -1    2.000    0.000    2.500   10.000    0.000     -2     -1     -1
 abi_g19                13  -1    2.000    0.000    2.500   10.000    0.000     -2     -1     -1
 abi_g19                14  -1    2.000    0.000    2.500   10.000    0.000     -2     -1     -1
 abi_g19                15  -1    2.000    0.000    2.500   10.000    0.000     -2     -1     -1
 abi_g19                16  -1    2.000    0.000    2.500   10.000    0.000     -2     -1     -1
