 ompslp_n21       1   -1  999.999  9.999  9.999 10.000  0.000
 ompslp_n21       2   -1  999.999  9.999  9.999 10.000  0.000
 ompslp_n21       3   -1  999.999  9.999  9.999 10.000  0.000
 ompslp_n21       4   -1  999.999  9.999  9.999 10.000  0.000
 ompslp_n21       5   -1  999.999  9.999  9.999 10.000  0.000
 ompslp_n21       6   -1  999.999  9.999  9.999 10.000  0.000
 ompslp_n21       7   -1  999.999  9.999  9.999 10.000  0.000
 ompslp_n21       8   -1  999.999  9.999  9.999 10.000  0.000
 ompslp_n21       9   -1  999.999  9.999  9.999 10.000  0.000
 ompslp_n21      10   -1  999.999  9.999  9.999 10.000  0.000
 ompslp_n21      11   -1  999.999  9.999  9.999 10.000  0.000
 ompslp_n21      12   -1  999.999  9.999  9.999 10.000  0.000
 ompslp_n21      13   -1  999.999  9.999  9.999 10.000  0.000
 ompslp_n21      14   -1  999.999  9.999  9.999 10.000  0.000
 ompslp_n21      15   -1  999.999  9.999  9.999 10.000  0.000
 ompslp_n21      16   -1  999.999  9.999  9.999 10.000  0.000
 ompslp_n21      17   -1  999.999  9.999  9.999 10.000  0.000
 ompslp_n21      18   -1  999.999  9.999  9.999 10.000  0.000
 ompslp_n21      19   -1  999.999  9.999  9.999 10.000  0.000
 ompslp_n21      20   -1  999.999  9.999  9.999 10.000  0.000
 ompslp_n21      21   -1  999.999  9.999  9.999 10.000  0.000
 ompslp_n21      22   -1  999.999  9.999  9.999 10.000  0.000
 ompslp_n21      23   -1  999.999  9.999  9.999 10.000  0.000
 ompslp_n21      24   -1  999.999  9.999  9.999 10.000  0.000
 ompslp_n21      25   -1  999.999  9.999  9.999 10.000  0.000
 ompslp_n21      26   -1  999.999  9.999  9.999 10.000  0.000
 ompslp_n21      27   -1  999.999  9.999  9.999 10.000  0.000
 ompslp_n21      28   -1  999.999  9.999  9.999 10.000  0.000
 ompslp_n21      29   -1  999.999  9.999  9.999 10.000  0.000
 ompslp_n21      30   -1  999.999  9.999  9.999 10.000  0.000
 ompslp_n21      31   -1  999.999  9.999  9.999 10.000  0.000
 ompslp_n21      32   -1  999.999  9.999  9.999 10.000  0.000
 ompslp_n21      33   -1  999.999  9.999  9.999 10.000  0.000
 ompslp_n21      34   -1  999.999  9.999  9.999 10.000  0.000
 ompslp_n21      35   -1  999.999  9.999  9.999 10.000  0.000
 ompslp_n21      36   -1  999.999  9.999  9.999 10.000  0.000
 ompslp_n21      37   -1  999.999  9.999  9.999 10.000  0.000
 ompslp_n21      38   -1  999.999  9.999  9.999 10.000  0.000
 ompslp_n21      39   -1  999.999  9.999  9.999 10.000  0.000
 ompslp_n21      40   -1  999.999  9.999  9.999 10.000  0.000
 ompslp_n21      41   -1  999.999  9.999  9.999 10.000  0.000
 ompslp_n21      42   -1  999.999  9.999  9.999 10.000  0.000
 ompslp_n21      43   -1  999.999  9.999  9.999 10.000  0.000
 ompslp_n21      44   -1  999.999  9.999  9.999 10.000  0.000
 ompslp_n21      45   -1  999.999  9.999  9.999 10.000  0.000
 ompslp_n21      46   -1  999.999  9.999  9.999 10.000  0.000
 ompslp_n21      47   -1  999.999  9.999  9.999 10.000  0.000
 ompslp_n21      48   -1  999.999  9.999  9.999 10.000  0.000
 ompslp_n21      49   -1  999.999  9.999  9.999 10.000  0.000
 ompslp_n21      50   -1  999.999  9.999  9.999 10.000  0.000
 ompslp_n21      51   -1  999.999  9.999  9.999 10.000  0.000
 ompslp_n21      52   -1  999.999  9.999  9.999 10.000  0.000
 ompslp_n21      53   -1  999.999  9.999  9.999 10.000  0.000
 ompslp_n21      54   -1  999.999  9.999  9.999 10.000  0.000
 ompslp_n21      55   -1  999.999  9.999  9.999 10.000  0.000
 ompslp_n21      56   -1  999.999  9.999  9.999 10.000  0.000
 ompslp_n21      57   -1  999.999  9.999  9.999 10.000  0.000
 ompslp_n21      58   -1  999.999  9.999  9.999 10.000  0.000
 ompslp_n21      59   -1  999.999  9.999  9.999 10.000  0.000
 ompslp_n21      60   -1  999.999  9.999  9.999 10.000  0.000
 ompslp_n21      61   -1  999.999  9.999  9.999 10.000  0.000
 ompslp_n21      62   -1  999.999  9.999  9.999 10.000  0.000
 ompslp_n21      63   -1  999.999  9.999  9.999 10.000  0.000
 ompslp_n21      64   -1  999.999  9.999  9.999 10.000  0.000
 ompslp_n21      65   -1  999.999  9.999  9.999 10.000  0.000
 ompslp_n21      66   -1  999.999  9.999  9.999 10.000  0.000
 ompslp_n21      67   -1  999.999  9.999  9.999 10.000  0.000
 ompslp_n21      68   -1  999.999  9.999  9.999 10.000  0.000
 ompslp_n21      69   -1  999.999  9.999  9.999 10.000  0.000
 ompslp_n21      70   -1  999.999  9.999  9.999 10.000  0.000
 ompslp_n21      71   -1  999.999  9.999  9.999 10.000  0.000
 ompslp_n21      72   -1  999.999  9.999  9.999 10.000  0.000
 ompslp_n21      73   -1  999.999  9.999  9.999 10.000  0.000
 ompslp_n21      74   -1  999.999  9.999  9.999 10.000  0.000
 ompslp_n21      75   -1  999.999  9.999  9.999 10.000  0.000
 ompslp_n21      76   -1  999.999  9.999  9.999 10.000  0.000
 ompslp_n21      77   -1  999.999  9.999  9.999 10.000  0.000
 ompslp_n21      78   -1  999.999  9.999  9.999 10.000  0.000
 ompslp_n21      79   -1  999.999  9.999  9.999 10.000  0.000
 ompslp_n21      80   -1  999.999  9.999  9.999 10.000  0.000
 ompslp_n21      81   -1  999.999  9.999  9.999 10.000  0.000
