 gmi_gpm                 1   1    2.700   14.000   30.000   40.000    0.000      1      1     -1
 gmi_gpm                 2   1    3.700   15.000   30.000   40.000    0.000      1      1     -1
 gmi_gpm                 3   1    3.500   10.000   15.000   40.000    0.000      1      1     -1
 gmi_gpm                 4   1    4.500   20.000   30.000   40.000    0.000      1      1     -1
 gmi_gpm                 5   1    4.000    9.000   15.000   40.000    0.000      1      1     -1
 gmi_gpm                 6   1    3.800   16.000   30.000   40.000    0.000      1      1     -1
 gmi_gpm                 7   1   20.000   40.000   15.000   40.000    0.000      1      1     -1
 gmi_gpm                 8   1    5.000   10.000   15.000   40.000    0.000      1      1     -1
 gmi_gpm                 9   1   11.500   13.000   20.000   40.000    0.000      1      1     -1
 gmi_gpm                10   1    5.000   12.000   20.000   40.000    0.000      1      1     -1
 gmi_gpm                11   1    5.000   12.000   20.000   40.000    0.000      1      1     -1
 gmi_gpm                12   1    2.500    8.000   10.000   40.000    0.000      1      1     -1
 gmi_gpm                13   1    3.000    8.000   10.000   40.000    0.000      1      1     -1
