 cris-fsr_npp           19  -2    1.000    0.000    2.000   10.000    0.000     -1     -1     -1
 cris-fsr_npp           24  -2    0.700    0.000    2.000   10.000    0.000      1     -1     -1
 cris-fsr_npp           26  -2    0.700    0.000    2.000   10.000    0.000     -1     -1     -1
 cris-fsr_npp           27  -2    0.700    0.000    2.000   10.000    0.000     -1     -1     -1
 cris-fsr_npp           28  -2    0.700    0.000    2.000   10.000    0.000     -1     -1     -1
 cris-fsr_npp           31  -2    1.359    0.000    2.000   10.000    0.000     -1     -1     -1
 cris-fsr_npp           32  -2    0.600    0.000    2.000   10.000    0.000      1     -1     -1
 cris-fsr_npp           33  -2    0.600    0.000    2.000   10.000    0.000     -1     -1     -1
 cris-fsr_npp           37  -2    0.600    0.000    2.000   10.000    0.000      1     -1     -1
 cris-fsr_npp           39  -2    0.600    0.000    2.000   10.000    0.000     -1     -1     -1
 cris-fsr_npp           42  -2    0.600    0.000    2.000   10.000    0.000      1     -1     -1
 cris-fsr_npp           44  -2    0.600    0.000    2.000   10.000    0.000     -1     -1     -1
 cris-fsr_npp           47  -2    0.600    0.000    2.000   10.000    0.000      1     -1     -1
 cris-fsr_npp           49  -2    0.600    0.000    2.000   10.000    0.000     -1     -1     -1
 cris-fsr_npp           50  -2    1.000    0.000    2.000   10.000    0.000     -1     -1     -1
 cris-fsr_npp           51  -2    0.600    0.000    2.000   10.000    0.000      1     -1     -1
 cris-fsr_npp           52  -2    1.000    0.000    2.000   10.000    0.000     -1     -1     -1
 cris-fsr_npp           53  -2    0.600    0.000    2.000   10.000    0.000     -1     -1     -1
 cris-fsr_npp           54  -2    1.000    0.000    2.000   10.000    0.000     -1     -1     -1
 cris-fsr_npp           55  -2    0.500    0.000    2.000   10.000    0.000      1     -1     -1
 cris-fsr_npp           56  -2    1.000    0.000    2.000   10.000    0.000     -1     -1     -1
 cris-fsr_npp           57  -2    0.500    0.000    2.000   10.000    0.000     -1     -1     -1
 cris-fsr_npp           58  -2    1.000    0.000    2.000   10.000    0.000     -1     -1     -1
 cris-fsr_npp           59  -2    0.600    0.000    2.000   10.000    0.000      1     -1     -1
 cris-fsr_npp           60  -2    1.000    0.000    2.000   10.000    0.000     -1     -1     -1
 cris-fsr_npp           61  -2    0.500    0.000    2.000   10.000    0.000     -1     -1     -1
 cris-fsr_npp           62  -2    1.000    0.000    2.000   10.000    0.000     -1     -1     -1
 cris-fsr_npp           63  -2    0.500    0.000    2.000   10.000    0.000      1     -1     -1
 cris-fsr_npp           64  -2    0.756    0.000    2.000   10.000    0.000     -1     -1     -1
 cris-fsr_npp           65  -2    0.500    0.000    2.000   10.000    0.000     -1     -1     -1
 cris-fsr_npp           66  -2    1.000    0.000    2.000   10.000    0.000     -1     -1     -1
 cris-fsr_npp           67  -2    0.500    0.000    2.000   10.000    0.000      1     -1     -1
 cris-fsr_npp           68  -2    1.000    0.000    2.000   10.000    0.000     -1     -1     -1
 cris-fsr_npp           69  -2    0.500    0.000    2.000   10.000    0.000     -1     -1     -1
 cris-fsr_npp           70  -2    1.000    0.000    2.000   10.000    0.000     -1     -1     -1
 cris-fsr_npp           71  -2    0.500    0.000    2.000   10.000    0.000      1     -1     -1
 cris-fsr_npp           72  -2    1.000    0.000    2.000   10.000    0.000     -1     -1     -1
 cris-fsr_npp           73  -2    0.500    0.000    2.000   10.000    0.000     -1     -1     -1
 cris-fsr_npp           74  -2    1.000    0.000    2.000   10.000    0.000     -1     -1     -1
 cris-fsr_npp           75  -2    0.500    0.000    2.000   10.000    0.000      1     -1     -1
 cris-fsr_npp           76  -2    1.000    0.000    2.000   10.000    0.000     -1     -1     -1
 cris-fsr_npp           77  -2    0.500    0.000    2.000   10.000    0.000     -1     -1     -1
 cris-fsr_npp           78  -2    1.000    0.000    2.000   10.000    0.000     -1     -1     -1
 cris-fsr_npp           79  -2    0.500    0.000    2.000   10.000    0.000      1     -1     -1
 cris-fsr_npp           80  -2    0.600    0.000    2.000   10.000    0.000     -1     -1     -1
 cris-fsr_npp           81  -2    0.500    0.000    2.000   10.000    0.000     -1     -1     -1
 cris-fsr_npp           82  -2    1.000    0.000    2.000   10.000    0.000     -1     -1     -1
 cris-fsr_npp           83  -2    0.500    0.000    2.000   10.000    0.000      1     -1     -1
 cris-fsr_npp           84  -2    1.000    0.000    2.000   10.000    0.000     -1     -1     -1
 cris-fsr_npp           85  -2    0.500    0.000    2.000   10.000    0.000     -1     -1     -1
 cris-fsr_npp           86  -2    1.000    0.000    2.000   10.000    0.000     -1     -1     -1
 cris-fsr_npp           87  -2    0.500    0.000    2.000   10.000    0.000      1     -1     -1
 cris-fsr_npp           88  -2    0.600    0.000    2.000   10.000    0.000     -1     -1     -1
 cris-fsr_npp           89  -2    0.500    0.000    2.000   10.000    0.000     -1     -1     -1
 cris-fsr_npp           90  -2    1.000    0.000    2.000   10.000    0.000     -1     -1     -1
 cris-fsr_npp           91  -2    0.450    0.000    2.000   10.000    0.000      1     -1     -1
 cris-fsr_npp           92  -2    1.000    0.000    2.000   10.000    0.000     -1     -1     -1
 cris-fsr_npp           93  -2    0.450    0.000    2.000   10.000    0.000     -1     -1     -1
 cris-fsr_npp           94  -2    1.000    0.000    2.000   10.000    0.000     -1     -1     -1
 cris-fsr_npp           95  -2    0.450    0.000    2.000   10.000    0.000      1     -1     -1
 cris-fsr_npp           96  -2    0.635    0.000    2.000   10.000    0.000     -1     -1     -1
 cris-fsr_npp           97  -2    0.450    0.000    2.000   10.000    0.000     -1     -1     -1
 cris-fsr_npp           98  -2    1.000    0.000    2.000   10.000    0.000     -1     -1     -1
 cris-fsr_npp           99  -2    0.450    0.000    2.000   10.000    0.000      1     -1     -1
 cris-fsr_npp          100  -2    1.000    0.000    2.000   10.000    0.000     -1     -1     -1
 cris-fsr_npp          101  -2    0.450    0.000    2.000   10.000    0.000     -1     -1     -1
 cris-fsr_npp          102  -2    0.735    0.000    2.000   10.000    0.000     -1     -1     -1
 cris-fsr_npp          103  -2    0.450    0.000    2.000   10.000    0.000      1     -1     -1
 cris-fsr_npp          104  -2    0.878    0.000    2.000   10.000    0.000     -1     -1     -1
 cris-fsr_npp          105  -2    0.450    0.000    2.000   10.000    0.000     -1     -1     -1
 cris-fsr_npp          106  -2    0.696    0.000    2.000   10.000    0.000     -1     -1     -1
 cris-fsr_npp          107  -2    0.400    0.000    2.000   10.000    0.000      1     -1     -1
 cris-fsr_npp          108  -2    2.000    0.000    2.000   10.000    0.000     -1     -1     -1
 cris-fsr_npp          109  -2    0.400    0.000    2.000   10.000    0.000     -1     -1     -1
 cris-fsr_npp          110  -2    1.000    0.000    2.000   10.000    0.000     -1     -1     -1
 cris-fsr_npp          111  -2    0.400    0.000    2.000   10.000    0.000      1     -1     -1
 cris-fsr_npp          112  -2    1.000    0.000    2.000   10.000    0.000     -1     -1     -1
 cris-fsr_npp          113  -2    0.400    0.000    2.000   10.000    0.000     -1     -1     -1
 cris-fsr_npp          114  -2    1.000    0.000    2.000   10.000    0.000     -1     -1     -1
 cris-fsr_npp          115  -2    0.400    0.000    2.000   10.000    0.000      1     -1     -1
 cris-fsr_npp          116  -2    0.600    0.000    2.000   10.000    0.000     -1     -1     -1
 cris-fsr_npp          117  -2    0.350    0.000    2.000   10.000    0.000     -1     -1     -1
 cris-fsr_npp          118  -2    1.000    0.000    2.000   10.000    0.000     -1     -1     -1
 cris-fsr_npp          119  -2    0.350    0.000    2.000   10.000    0.000      1     -1     -1
 cris-fsr_npp          120  -2    0.701    0.000    2.000   10.000    0.000     -1     -1     -1
 cris-fsr_npp          121  -2    0.350    0.000    2.000   10.000    0.000     -1     -1     -1
 cris-fsr_npp          122  -2    1.000    0.000    2.000   10.000    0.000     -1     -1     -1
 cris-fsr_npp          123  -2    0.350    0.000    2.000   10.000    0.000      1     -1     -1
 cris-fsr_npp          124  -2    0.600    0.000    2.000   10.000    0.000     -1     -1     -1
 cris-fsr_npp          125  -2    0.350    0.000    2.000   10.000    0.000     -1     -1     -1
 cris-fsr_npp          126  -2    0.663    0.000    2.000   10.000    0.000     -1     -1     -1
 cris-fsr_npp          127  -2    0.350    0.000    2.000   10.000    0.000      1     -1     -1
 cris-fsr_npp          128  -2    1.000    0.000    2.000   10.000    0.000     -1     -1     -1
 cris-fsr_npp          129  -2    0.350    0.000    2.000   10.000    0.000     -1     -1     -1
 cris-fsr_npp          130  -2    1.083    0.000    2.000   10.000    0.000     -1     -1     -1
 cris-fsr_npp          131  -2    0.350    0.000    2.000   10.000    0.000      1     -1     -1
 cris-fsr_npp          132  -2    0.600    0.000    2.000   10.000    0.000     -1     -1     -1
 cris-fsr_npp          133  -2    0.350    0.000    2.000   10.000    0.000     -1     -1     -1
 cris-fsr_npp          134  -2    1.000    0.000    2.000   10.000    0.000     -1     -1     -1
 cris-fsr_npp          135  -2    0.350    0.000    2.000   10.000    0.000      1     -1     -1
 cris-fsr_npp          136  -2    0.600    0.000    2.000   10.000    0.000     -1     -1     -1
 cris-fsr_npp          137  -2    0.350    0.000    2.000   10.000    0.000     -1     -1     -1
 cris-fsr_npp          138  -2    0.600    0.000    2.000   10.000    0.000     -1     -1     -1
 cris-fsr_npp          139  -2    0.350    0.000    2.000   10.000    0.000      1     -1     -1
 cris-fsr_npp          140  -2    1.000    0.000    2.000   10.000    0.000     -1     -1     -1
 cris-fsr_npp          141  -2    0.300    0.000    2.000   10.000    0.000     -1     -1     -1
 cris-fsr_npp          142  -2    0.600    0.000    2.000   10.000    0.000     -1     -1     -1
 cris-fsr_npp          143  -2    0.300    0.000    2.000   10.000    0.000      1     -1     -1
 cris-fsr_npp          144  -2    0.600    0.000    2.000   10.000    0.000     -1     -1     -1
 cris-fsr_npp          145  -2    0.300    0.000    2.000   10.000    0.000     -1     -1     -1
 cris-fsr_npp          146  -2    1.000    0.000    2.000   10.000    0.000     -1     -1     -1
 cris-fsr_npp          147  -2    0.300    0.000    2.000   10.000    0.000      1     -1     -1
 cris-fsr_npp          148  -2    0.600    0.000    2.000   10.000    0.000     -1     -1     -1
 cris-fsr_npp          149  -2    0.300    0.000    2.000   10.000    0.000     -1     -1     -1
 cris-fsr_npp          150  -2    0.600    0.000    2.000   10.000    0.000     -1     -1     -1
 cris-fsr_npp          151  -2    0.300    0.000    2.000   10.000    0.000      1     -1     -1
 cris-fsr_npp          152  -2    1.000    0.000    2.000   10.000    0.000     -1     -1     -1
 cris-fsr_npp          153  -2    0.300    0.000    2.000   10.000    0.000     -1     -1     -1
 cris-fsr_npp          154  -2    0.600    0.000    2.000   10.000    0.000     -1     -1     -1
 cris-fsr_npp          155  -2    0.300    0.000    2.000   10.000    0.000      1     -1     -1
 cris-fsr_npp          156  -2    1.000    0.000    2.000   10.000    0.000     -1     -1     -1
 cris-fsr_npp          157  -2    0.300    0.000    2.000   10.000    0.000     -1     -1     -1
 cris-fsr_npp          158  -2    0.773    0.000    2.000   10.000    0.000     -1     -1     -1
 cris-fsr_npp          159  -2    0.300    0.000    2.000   10.000    0.000      1     -1     -1
 cris-fsr_npp          160  -2    0.600    0.000    2.000   10.000    0.000     -1     -1     -1
 cris-fsr_npp          161  -2    0.600    0.000    2.000   10.000    0.000     -1     -1     -1
 cris-fsr_npp          162  -2    0.600    0.000    2.000   10.000    0.000     -1     -1     -1
 cris-fsr_npp          163  -2    0.300    0.000    2.000   10.000    0.000      1     -1     -1
 cris-fsr_npp          164  -2    0.813    0.000    2.000   10.000    0.000     -1     -1     -1
 cris-fsr_npp          165  -2    0.907    0.000    2.000   10.000    0.000     -1     -1     -1
 cris-fsr_npp          166  -2    0.802    0.000    2.000   10.000    0.000     -1     -1     -1
 cris-fsr_npp          167  -2    0.300    0.000    2.000   10.000    0.000      1     -1     -1
 cris-fsr_npp          168  -2    1.493    0.000    2.000   10.000    0.000     -1     -1     -1
 cris-fsr_npp          169  -2    1.000    0.000    2.000   10.000    0.000     -1     -1     -1
 cris-fsr_npp          170  -2    0.856    0.000    2.000   10.000    0.000     -1     -1     -1
 cris-fsr_npp          171  -2    0.300    0.000    2.000   10.000    0.000      1     -1     -1
 cris-fsr_npp          172  -2    1.000    0.000    2.000   10.000    0.000     -1     -1     -1
 cris-fsr_npp          173  -2    0.600    0.000    2.000   10.000    0.000     -1     -1     -1
 cris-fsr_npp          174  -2    1.000    0.000    2.000   10.000    0.000     -1     -1     -1
 cris-fsr_npp          175  -2    0.300    0.000    2.000   10.000    0.000      1     -1     -1
 cris-fsr_npp          176  -2    1.000    0.000    2.000   10.000    0.000     -1     -1     -1
 cris-fsr_npp          177  -2    1.000    0.000    2.000   10.000    0.000     -1     -1     -1
 cris-fsr_npp          178  -2    1.000    0.000    2.000   10.000    0.000     -1     -1     -1
 cris-fsr_npp          179  -2    0.300    0.000    2.000   10.000    0.000      1     -1     -1
 cris-fsr_npp          180  -2    1.000    0.000    2.000   10.000    0.000     -1     -1     -1
 cris-fsr_npp          181  -2    1.000    0.000    2.000   10.000    0.000     -1     -1     -1
 cris-fsr_npp          182  -2    1.000    0.000    2.000   10.000    0.000     -1     -1     -1
 cris-fsr_npp          183  -2    0.300    0.000    2.000   10.000    0.000      1     -1     -1
 cris-fsr_npp          184  -2    1.000    0.000    2.000   10.000    0.000     -1     -1     -1
 cris-fsr_npp          185  -2    1.000    0.000    2.000   10.000    0.000     -1     -1     -1
 cris-fsr_npp          186  -2    1.000    0.000    2.000   10.000    0.000     -1     -1     -1
 cris-fsr_npp          187  -2    0.300    0.000    2.000   10.000    0.000      1     -1     -1
 cris-fsr_npp          188  -2    1.000    0.000    2.000   10.000    0.000     -1     -1     -1
 cris-fsr_npp          189  -2    1.000    0.000    2.000   10.000    0.000     -1     -1     -1
 cris-fsr_npp          190  -2    0.300    0.000    2.000   10.000    0.000      1     -1     -1
 cris-fsr_npp          191  -2    1.000    0.000    2.000   10.000    0.000     -1     -1     -1
 cris-fsr_npp          192  -2    1.000    0.000    2.000   10.000    0.000     -1     -1     -1
 cris-fsr_npp          193  -2    1.000    0.000    2.000   10.000    0.000     -1     -1     -1
 cris-fsr_npp          194  -2    0.300    0.000    2.000   10.000    0.000      1     -1     -1
 cris-fsr_npp          195  -2    1.000    0.000    2.000   10.000    0.000     -1     -1     -1
 cris-fsr_npp          196  -2    1.000    0.000    2.000   10.000    0.000     -1     -1     -1
 cris-fsr_npp          197  -2    0.300    0.000    2.000   10.000    0.000      1     -1     -1
 cris-fsr_npp          198  -2    2.000    0.000    2.000   10.000    0.000     -1     -1     -1
 cris-fsr_npp          199  -2    1.000    0.000    2.000   10.000    0.000     -1     -1     -1
 cris-fsr_npp          200  -2    0.300    0.000    2.000   10.000    0.000      1     -1     -1
 cris-fsr_npp          208  -2    1.000    0.000    2.000   10.000    0.000     -1     -1     -1
 cris-fsr_npp          211  -2    0.300    0.000    2.000   10.000    0.000      1     -1     -1
 cris-fsr_npp          216  -2    1.000    0.000    2.000   10.000    0.000     -1     -1     -1
 cris-fsr_npp          224  -2    0.300    0.000    2.000   10.000    0.000      1     -1     -1
 cris-fsr_npp          234  -2    1.000    0.000    2.000   10.000    0.000     -1     -1     -1
 cris-fsr_npp          236  -2    1.000    0.000    2.000   10.000    0.000     -1     -1     -1
 cris-fsr_npp          238  -2    1.000    0.000    2.000   10.000    0.000     -1     -1     -1
 cris-fsr_npp          239  -2    1.000    0.000    2.000   10.000    0.000     -1     -1     -1
 cris-fsr_npp          242  -2    1.000    0.000    2.000   10.000    0.000     -1     -1     -1
 cris-fsr_npp          246  -2    1.000    0.000    2.000   10.000    0.000     -1     -1     -1
 cris-fsr_npp          248  -2    1.000    0.000    2.000   10.000    0.000     -1     -1     -1
 cris-fsr_npp          255  -2    1.000    0.000    2.000   10.000    0.000     -1     -1     -1
 cris-fsr_npp          264  -2    1.000    0.000    2.000   10.000    0.000     -1     -1     -1
 cris-fsr_npp          266  -2    1.000    0.000    2.000   10.000    0.000     -1     -1     -1
 cris-fsr_npp          268  -2    1.000    0.000    2.000   10.000    0.000     -1     -1     -1
 cris-fsr_npp          275  -2    1.000    0.000    2.000   10.000    0.000     -1     -1     -1
 cris-fsr_npp          279  -2    0.300    0.000    2.000   10.000    0.000      1     -1     -1
 cris-fsr_npp          283  -2    1.000    0.000    2.000   10.000    0.000     -1     -1     -1
 cris-fsr_npp          285  -2    1.000    0.000    2.000   10.000    0.000     -1     -1     -1
 cris-fsr_npp          291  -2    0.300    0.000    2.000   10.000    0.000     -1     -1     -1
 cris-fsr_npp          295  -2    1.000    0.000    2.000   10.000    0.000     -1     -1     -1
 cris-fsr_npp          301  -2    1.000    0.000    2.000   10.000    0.000     -1     -1     -1
 cris-fsr_npp          305  -2    1.000    0.000    2.000   10.000    0.000     -1     -1     -1
 cris-fsr_npp          311  -2    0.300    0.000    2.000   10.000    0.000      1     -1     -1
 cris-fsr_npp          332  -2    0.300    0.000    2.000   10.000    0.000     -1     -1     -1
 cris-fsr_npp          342  -2    0.300    0.000    2.000   10.000    0.000      1     -1     -1
 cris-fsr_npp          389  -2    0.500    0.000    2.000   10.000    0.000      1     -1     -1
 cris-fsr_npp          400  -2    1.000    0.000    2.000   10.000    0.000     -1     -1     -1
 cris-fsr_npp          402  -2    1.000    0.000    2.000   10.000    0.000     -1     -1     -1
 cris-fsr_npp          404  -2    2.000    0.000    2.000   10.000    0.000     -1     -1     -1
 cris-fsr_npp          406  -2    1.000    0.000    2.000   10.000    0.000     -1     -1     -1
 cris-fsr_npp          410  -2    0.500    0.000    2.000   10.000    0.000      1     -1     -1
 cris-fsr_npp          427  -2    0.500    0.000    2.000   10.000    0.000      1     -1     -1
 cris-fsr_npp          439  -2    1.000    0.000    2.000   10.000    0.000     -1     -1     -1
 cris-fsr_npp          440  -2    1.000    0.000    2.000   10.000    0.000     -1     -1     -1
 cris-fsr_npp          441  -2    1.000    0.000    2.000   10.000    0.000     -1     -1     -1
 cris-fsr_npp          445  -2    1.000    0.000    2.000   10.000    0.000     -1     -1     -1
 cris-fsr_npp          449  -2    1.000    0.000    2.000   10.000    0.000     -1     -1     -1
 cris-fsr_npp          455  -2    1.000    0.000    2.000   10.000    0.000     -1     -1     -1
 cris-fsr_npp          458  -2    1.000    0.000    2.000   10.000    0.000     -1     -1     -1
 cris-fsr_npp          461  -2    1.000    0.000    2.000   10.000    0.000     -1     -1     -1
 cris-fsr_npp          464  -2    1.000    0.000    2.000   10.000    0.000      1     -1     -1
 cris-fsr_npp          467  -2    1.000    0.000    2.000   10.000    0.000     -1     -1     -1
 cris-fsr_npp          470  -2    1.000    0.000    2.000   10.000    0.000     -1     -1     -1
 cris-fsr_npp          473  -2    1.000    0.000    2.000   10.000    0.000     -1     -1     -1
 cris-fsr_npp          475  -2    1.000    0.000    2.000   10.000    0.000     -1     -1     -1
 cris-fsr_npp          482  -2    0.500    0.000    2.000   10.000    0.000      1     -1     -1
 cris-fsr_npp          486  -2    1.000    0.000    2.000   10.000    0.000     -1     -1     -1
 cris-fsr_npp          487  -2    1.000    0.000    2.000   10.000    0.000     -1     -1     -1
 cris-fsr_npp          490  -2    1.000    0.000    2.000   10.000    0.000     -1     -1     -1
 cris-fsr_npp          493  -2    1.000    0.000    2.000   10.000    0.000     -1     -1     -1
 cris-fsr_npp          496  -2    1.000    0.000    2.000   10.000    0.000     -1     -1     -1
 cris-fsr_npp          499  -2    1.000    0.000    2.000   10.000    0.000     -1     -1     -1
 cris-fsr_npp          501  -2    0.500    0.000    2.000   10.000    0.000      1     -1     -1
 cris-fsr_npp          503  -2    1.000    0.000    2.000   10.000    0.000     -1     -1     -1
 cris-fsr_npp          505  -2    1.000    0.000    2.000   10.000    0.000     -1     -1     -1
 cris-fsr_npp          511  -2    1.000    0.000    2.000   10.000    0.000     -1     -1     -1
 cris-fsr_npp          513  -2    1.000    0.000    2.000   10.000    0.000     -1     -1     -1
 cris-fsr_npp          514  -2    1.000    0.000    2.000   10.000    0.000     -1     -1     -1
 cris-fsr_npp          518  -2    1.000    0.000    2.000   10.000    0.000     -1     -1     -1
 cris-fsr_npp          519  -2    1.000    0.000    2.000   10.000    0.000     -1     -1     -1
 cris-fsr_npp          520  -2    1.000    0.000    2.000   10.000    0.000     -1     -1     -1
 cris-fsr_npp          522  -2    1.000    0.000    2.000   10.000    0.000     -1     -1     -1
 cris-fsr_npp          529  -2    0.500    0.000    2.000   10.000    0.000      1     -1     -1
 cris-fsr_npp          534  -2    1.000    0.000    2.000   10.000    0.000     -1     -1     -1
 cris-fsr_npp          563  -2    1.000    0.000    2.000   10.000    0.000     -1     -1     -1
 cris-fsr_npp          568  -2    1.000    0.000    2.000   10.000    0.000     -1     -1     -1
 cris-fsr_npp          575  -2    1.000    0.000    2.000   10.000    0.000     -1     -1     -1
 cris-fsr_npp          592  -2    1.000    0.000    2.000   10.000    0.000     -1     -1     -1
 cris-fsr_npp          594  -2    1.000    0.000    2.000   10.000    0.000     -1     -1     -1
 cris-fsr_npp          596  -2    1.000    0.000    2.000   10.000    0.000     -1     -1     -1
 cris-fsr_npp          598  -2    1.000    0.000    2.000   10.000    0.000     -1     -1     -1
 cris-fsr_npp          600  -2    1.000    0.000    2.000   10.000    0.000     -1     -1     -1
 cris-fsr_npp          602  -2    1.000    0.000    2.000   10.000    0.000     -1     -1     -1
 cris-fsr_npp          604  -2    1.000    0.000    2.000   10.000    0.000     -1     -1     -1
 cris-fsr_npp          611  -2    1.000    0.000    2.000   10.000    0.000     -1     -1     -1
 cris-fsr_npp          614  -2    1.000    0.000    2.000   10.000    0.000     -1     -1     -1
 cris-fsr_npp          616  -2    1.000    0.000    2.000   10.000    0.000     -1     -1     -1
 cris-fsr_npp          618  -2    1.000    0.000    2.000   10.000    0.000     -1     -1     -1
 cris-fsr_npp          620  -2    1.000    0.000    2.000   10.000    0.000     -1     -1     -1
 cris-fsr_npp          622  -2    1.000    0.000    2.000   10.000    0.000     -1     -1     -1
 cris-fsr_npp          626  -2    1.000    0.000    2.000   10.000    0.000     -1     -1     -1
 cris-fsr_npp          631  -2    1.000    0.000    2.000   10.000    0.000     -1     -1     -1
 cris-fsr_npp          638  -2    1.000    0.000    2.000   10.000    0.000     -1     -1     -1
 cris-fsr_npp          646  -2    1.000    0.000    2.000   10.000    0.000     -1     -1     -1
 cris-fsr_npp          648  -2    1.000    0.000    2.000   10.000    0.000     -1     -1     -1
 cris-fsr_npp          652  -2    1.000    0.000    2.000   10.000    0.000     -1     -1     -1
 cris-fsr_npp          659  -2    1.000    0.000    2.000   10.000    0.000     -1     -1     -1
 cris-fsr_npp          673  -2    1.000    0.000    2.000   10.000    0.000     -1     -1     -1
 cris-fsr_npp          675  -2    1.000    0.000    2.000   10.000    0.000     -1     -1     -1
 cris-fsr_npp          678  -2    1.000    0.000    2.000   10.000    0.000     -1     -1     -1
 cris-fsr_npp          684  -2    1.000    0.000    2.000   10.000    0.000     -1     -1     -1
 cris-fsr_npp          688  -2    1.000    0.000    2.000   10.000    0.000     -1     -1     -1
 cris-fsr_npp          694  -2    1.000    0.000    2.000   10.000    0.000     -1     -1     -1
 cris-fsr_npp          700  -2    1.000    0.000    2.000   10.000    0.000     -1     -1     -1
 cris-fsr_npp          707  -2    1.000    0.000    2.000   10.000    0.000     -1     -1     -1
 cris-fsr_npp          710  -2    0.500    0.000    2.000   10.000    0.000      1     -1     -1
 cris-fsr_npp          713  -2    0.500    0.000    2.000   10.000    0.000      1     -1     -1
 cris-fsr_npp          714  -2    1.000    0.000    2.000   10.000    0.000     -1     -1     -1
 cris-fsr_npp          718  -2    1.000    0.000    2.000   10.000    0.000     -1     -1     -1
 cris-fsr_npp          720  -2    1.000    0.000    2.000   10.000    0.000     -1     -1     -1
 cris-fsr_npp          722  -2    1.000    0.000    2.000   10.000    0.000     -1     -1     -1
 cris-fsr_npp          725  -2    1.000    0.000    2.000   10.000    0.000     -1     -1     -1
 cris-fsr_npp          728  -2    1.000    0.000    2.000   10.000    0.000     -1     -1     -1
 cris-fsr_npp          735  -2    1.000    0.000    2.000   10.000    0.000     -1     -1     -1
 cris-fsr_npp          742  -2    0.500    0.000    2.000   10.000    0.000     -1     -1     -1
 cris-fsr_npp          748  -2    1.000    0.000    2.000   10.000    0.000     -1     -1     -1
 cris-fsr_npp          753  -2    1.000    0.000    2.000   10.000    0.000     -1     -1     -1
 cris-fsr_npp          762  -2    1.000    0.000    2.000   10.000    0.000     -1     -1     -1
 cris-fsr_npp          780  -2    1.000    0.000    2.000   10.000    0.000     -1     -1     -1
 cris-fsr_npp          784  -2    1.000    0.000    2.000   10.000    0.000     -1     -1     -1
 cris-fsr_npp          798  -2    1.000    0.000    2.000   10.000    0.000     -1     -1     -1
 cris-fsr_npp          849  -2    1.000    0.000    2.000   10.000    0.000     -1     -1     -1
 cris-fsr_npp          860  -2    1.000    0.000    2.000   10.000    0.000     -1     -1     -1
 cris-fsr_npp          862  -2    1.000    0.000    2.000   10.000    0.000     -1     -1     -1
 cris-fsr_npp          866  -2    1.000    0.000    2.000   10.000    0.000     -1     -1     -1
 cris-fsr_npp          874  -2    1.000    0.000    2.000   10.000    0.000     -1     -1     -1
 cris-fsr_npp          882  -2    1.500    0.000    0.900   10.000    0.000     -1     -1     -1
 cris-fsr_npp          890  -2    1.500    0.000    0.900   10.000    0.000     -1     -1     -1
 cris-fsr_npp          898  -2    1.000    0.000    2.000   10.000    0.000     -1     -1     -1
 cris-fsr_npp          906  -2    1.000    0.000    2.000   10.000    0.000     -1     -1     -1
 cris-fsr_npp          907  -2    1.000    0.000    2.000   10.000    0.000     -1     -1     -1
 cris-fsr_npp          908  -2    1.000    0.000    2.000   10.000    0.000     -1     -1     -1
 cris-fsr_npp          914  -2    1.000    0.000    2.000   10.000    0.000     -1     -1     -1
 cris-fsr_npp          937  -2    1.500    0.000    0.900   10.000    0.000     -1     -1     -1
 cris-fsr_npp          972  -2    1.000    0.000    2.000   10.000    0.000     -1     -1     -1
 cris-fsr_npp          973  -2    1.000    0.000    2.000   10.000    0.000     -1     -1     -1
 cris-fsr_npp          978  -2    1.000    0.000    2.000   10.000    0.000     -1     -1     -1
 cris-fsr_npp          980  -2    1.000    0.000    2.000   10.000    0.000     -1     -1     -1
 cris-fsr_npp          981  -2    1.000    0.000    2.000   10.000    0.000     -1     -1     -1
 cris-fsr_npp          988  -2    1.000    0.000    2.000   10.000    0.000     -1     -1     -1
 cris-fsr_npp          995  -2    1.500    0.000    0.900   10.000    0.000     -1     -1     -1
 cris-fsr_npp          998  -2    1.000    0.000    2.000   10.000    0.000     -1     -1     -1
 cris-fsr_npp         1000  -2    1.000    0.000    2.000   10.000    0.000     -1     -1     -1
 cris-fsr_npp         1003  -2    1.000    0.000    2.000   10.000    0.000     -1     -1     -1
 cris-fsr_npp         1008  -2    1.500    0.000    0.900   10.000    0.000     -1     -1     -1
 cris-fsr_npp         1009  -2    1.000    0.000    2.000   10.000    0.000     -1     -1     -1
 cris-fsr_npp         1010  -2    1.000    0.000    2.000   10.000    0.000     -1     -1     -1
 cris-fsr_npp         1014  -2    1.000    0.000    2.000   10.000    0.000     -1     -1     -1
 cris-fsr_npp         1017  -2    1.000    0.000    2.000   10.000    0.000     -1     -1     -1
 cris-fsr_npp         1018  -2    1.000    0.000    2.000   10.000    0.000     -1     -1     -1
 cris-fsr_npp         1020  -2    1.000    0.000    2.000   10.000    0.000     -1     -1     -1
 cris-fsr_npp         1022  -2    1.500    0.000    0.900   10.000    0.000     -1     -1     -1
 cris-fsr_npp         1024  -2    1.000    0.000    2.000   10.000    0.000     -1     -1     -1
 cris-fsr_npp         1026  -2    1.000    0.000    2.000   10.000    0.000     -1     -1     -1
 cris-fsr_npp         1029  -2    1.000    0.000    2.000   10.000    0.000     -1     -1     -1
 cris-fsr_npp         1030  -2    1.000    0.000    2.000   10.000    0.000     -1     -1     -1
 cris-fsr_npp         1032  -2    1.000    0.000    2.000   10.000    0.000     -1     -1     -1
 cris-fsr_npp         1034  -2    1.000    0.000    2.000   10.000    0.000     -1     -1     -1
 cris-fsr_npp         1037  -2    1.000    0.000    2.000   10.000    0.000     -1     -1     -1
 cris-fsr_npp         1038  -2    1.000    0.000    2.000   10.000    0.000     -1     -1     -1
 cris-fsr_npp         1041  -2    1.000    0.000    2.000   10.000    0.000     -1     -1     -1
 cris-fsr_npp         1042  -2    1.000    0.000    2.000   10.000    0.000     -1     -1     -1
 cris-fsr_npp         1044  -2    1.000    0.000    2.000   10.000    0.000     -1     -1     -1
 cris-fsr_npp         1046  -2    1.000    0.000    2.000   10.000    0.000     -1     -1     -1
 cris-fsr_npp         1049  -2    1.000    0.000    2.000   10.000    0.000     -1     -1     -1
 cris-fsr_npp         1050  -2    1.000    0.000    2.000   10.000    0.000     -1     -1     -1
 cris-fsr_npp         1053  -2    1.000    0.000    2.000   10.000    0.000     -1     -1     -1
 cris-fsr_npp         1054  -2    1.000    0.000    2.000   10.000    0.000     -1     -1     -1
 cris-fsr_npp         1058  -2    1.500    0.000    0.900   10.000    0.000     -1     -1     -1
 cris-fsr_npp         1060  -2    1.000    0.000    2.000   10.000    0.000     -1     -1     -1
 cris-fsr_npp         1062  -2    1.000    0.000    2.000   10.000    0.000     -1     -1     -1
 cris-fsr_npp         1064  -2    1.000    0.000    2.000   10.000    0.000     -1     -1     -1
 cris-fsr_npp         1066  -2    1.000    0.000    2.000   10.000    0.000     -1     -1     -1
 cris-fsr_npp         1069  -2    1.000    0.000    2.000   10.000    0.000     -1     -1     -1
 cris-fsr_npp         1076  -2    1.000    0.000    2.000   10.000    0.000     -1     -1     -1
 cris-fsr_npp         1077  -2    1.000    0.000    2.000   10.000    0.000     -1     -1     -1
 cris-fsr_npp         1080  -2    1.000    0.000    2.000   10.000    0.000     -1     -1     -1
 cris-fsr_npp         1086  -2    1.000    0.000    2.000   10.000    0.000     -1     -1     -1
 cris-fsr_npp         1091  -2    1.000    0.000    2.000   10.000    0.000     -1     -1     -1
 cris-fsr_npp         1095  -2    1.000    0.000    2.000   10.000    0.000     -1     -1     -1
 cris-fsr_npp         1101  -2    1.000    0.000    2.000   10.000    0.000     -1     -1     -1
 cris-fsr_npp         1109  -2    1.000    0.000    2.000   10.000    0.000     -1     -1     -1
 cris-fsr_npp         1112  -2    1.000    0.000    2.000   10.000    0.000     -1     -1     -1
 cris-fsr_npp         1121  -2    1.000    0.000    2.000   10.000    0.000     -1     -1     -1
 cris-fsr_npp         1128  -2    1.000    0.000    2.000   10.000    0.000     -1     -1     -1
 cris-fsr_npp         1133  -2    1.000    0.000    2.000   10.000    0.000     -1     -1     -1
 cris-fsr_npp         1163  -2    1.000    0.000    2.000   10.000    0.000     -1     -1     -1
 cris-fsr_npp         1172  -2    1.000    0.000    2.000   10.000    0.000     -1     -1     -1
 cris-fsr_npp         1187  -2    1.000    0.000    2.000   10.000    0.000     -1     -1     -1
 cris-fsr_npp         1189  -2    1.000    0.000    2.000   10.000    0.000     -1     -1     -1
 cris-fsr_npp         1205  -2    1.000    0.000    2.000   10.000    0.000     -1     -1     -1
 cris-fsr_npp         1211  -2    1.000    0.000    2.000   10.000    0.000     -1     -1     -1
 cris-fsr_npp         1219  -2    1.000    0.000    2.000   10.000    0.000     -1     -1     -1
 cris-fsr_npp         1231  -2    1.000    0.000    2.000   10.000    0.000     -1     -1     -1
 cris-fsr_npp         1245  -2    1.000    0.000    2.000   10.000    0.000     -1     -1     -1
 cris-fsr_npp         1271  -2    1.000    0.000    2.000   10.000    0.000     -1     -1     -1
 cris-fsr_npp         1289  -2    1.000    0.000    2.000   10.000    0.000     -1     -1     -1
 cris-fsr_npp         1300  -2    1.000    0.000    2.000   10.000    0.000     -1     -1     -1
 cris-fsr_npp         1313  -2    1.000    0.000    2.000   10.000    0.000     -1     -1     -1
 cris-fsr_npp         1316  -2    1.000    0.000    2.000   10.000    0.000     -1     -1     -1
 cris-fsr_npp         1325  -2    1.000    0.000    2.000   10.000    0.000     -1     -1     -1
 cris-fsr_npp         1329  -2    1.000    0.000    2.000   10.000    0.000     -1     -1     -1
 cris-fsr_npp         1346  -2    1.000    0.000    2.000   10.000    0.000     -1     -1     -1
 cris-fsr_npp         1347  -2    1.000    0.000    2.000   10.000    0.000     -1     -1     -1
 cris-fsr_npp         1473  -2    1.000    0.000    2.000   10.000    0.000     -1     -1     -1
 cris-fsr_npp         1474  -2    1.000    0.000    2.000   10.000    0.000     -1     -1     -1
 cris-fsr_npp         1491  -2    1.000    0.000    2.000   10.000    0.000     -1     -1     -1
 cris-fsr_npp         1499  -2    1.000    0.000    2.000   10.000    0.000     -1     -1     -1
 cris-fsr_npp         1553  -2    1.000    0.000    2.000   10.000    0.000     -1     -1     -1
 cris-fsr_npp         1570  -2    1.000    0.000    2.000   10.000    0.000     -1     -1     -1
 cris-fsr_npp         1596  -2    1.000    0.000    2.000   10.000    0.000     -1     -1     -1
 cris-fsr_npp         1602  -2    1.000    0.000    2.000   10.000    0.000     -1     -1     -1
 cris-fsr_npp         1619  -2    1.000    0.000    2.000   10.000    0.000     -1     -1     -1
 cris-fsr_npp         1624  -2    1.000    0.000    2.000   10.000    0.000     -1     -1     -1
 cris-fsr_npp         1635  -2    1.000    0.000    2.000   10.000    0.000     -1     -1     -1
 cris-fsr_npp         1939  -2    1.000    0.000    2.000   10.000    0.000     -1     -1     -1
 cris-fsr_npp         1940  -2    1.000    0.000    2.000   10.000    0.000     -1     -1     -1
 cris-fsr_npp         1941  -2    1.000    0.000    2.000   10.000    0.000     -1     -1     -1
 cris-fsr_npp         1942  -2    1.000    0.000    2.000   10.000    0.000     -1     -1     -1
 cris-fsr_npp         1943  -2    1.000    0.000    2.000   10.000    0.000     -1     -1     -1
 cris-fsr_npp         1944  -2    1.000    0.000    2.000   10.000    0.000     -1     -1     -1
 cris-fsr_npp         1945  -2    1.000    0.000    2.000   10.000    0.000     -1     -1     -1
 cris-fsr_npp         1946  -2    1.000    0.000    2.000   10.000    0.000     -1     -1     -1
 cris-fsr_npp         1947  -2    1.000    0.000    2.000   10.000    0.000     -1     -1     -1
 cris-fsr_npp         1948  -2    1.000    0.000    2.000   10.000    0.000     -1     -1     -1
 cris-fsr_npp         1949  -2    1.000    0.000    2.000   10.000    0.000     -1     -1     -1
 cris-fsr_npp         1950  -2    1.000    0.000    2.000   10.000    0.000     -1     -1     -1
 cris-fsr_npp         1951  -2    1.000    0.000    2.000   10.000    0.000     -1     -1     -1
 cris-fsr_npp         1952  -2    1.000    0.000    2.000   10.000    0.000     -1     -1     -1
 cris-fsr_npp         1953  -2    1.000    0.000    2.000   10.000    0.000     -1     -1     -1
 cris-fsr_npp         1954  -2    1.000    0.000    2.000   10.000    0.000     -1     -1     -1
 cris-fsr_npp         1955  -2    1.000    0.000    2.000   10.000    0.000     -1     -1     -1
 cris-fsr_npp         1956  -2    1.000    0.000    2.000   10.000    0.000     -1     -1     -1
 cris-fsr_npp         1957  -2    1.000    0.000    2.000   10.000    0.000     -1     -1     -1
 cris-fsr_npp         1958  -2    1.000    0.000    2.000   10.000    0.000     -1     -1     -1
 cris-fsr_npp         1959  -2    1.000    0.000    2.000   10.000    0.000     -1     -1     -1
 cris-fsr_npp         1960  -2    1.000    0.000    2.000   10.000    0.000     -1     -1     -1
 cris-fsr_npp         1961  -2    1.000    0.000    2.000   10.000    0.000     -1     -1     -1
 cris-fsr_npp         1962  -2    1.000    0.000    2.000   10.000    0.000     -1     -1     -1
 cris-fsr_npp         1963  -2    1.000    0.000    2.000   10.000    0.000     -1     -1     -1
 cris-fsr_npp         1964  -2    1.000    0.000    2.000   10.000    0.000     -1     -1     -1
 cris-fsr_npp         1965  -2    1.000    0.000    2.000   10.000    0.000     -1     -1     -1
 cris-fsr_npp         1966  -2    1.000    0.000    2.000   10.000    0.000     -1     -1     -1
 cris-fsr_npp         1967  -2    1.000    0.000    2.000   10.000    0.000     -1     -1     -1
 cris-fsr_npp         1968  -2    1.000    0.000    2.000   10.000    0.000     -1     -1     -1
 cris-fsr_npp         1969  -2    1.000    0.000    2.000   10.000    0.000     -1     -1     -1
 cris-fsr_npp         1970  -2    1.000    0.000    2.000   10.000    0.000     -1     -1     -1
 cris-fsr_npp         1971  -2    1.000    0.000    2.000   10.000    0.000     -1     -1     -1
 cris-fsr_npp         1972  -2    1.000    0.000    2.000   10.000    0.000     -1     -1     -1
 cris-fsr_npp         1973  -2    1.000    0.000    2.000   10.000    0.000     -1     -1     -1
 cris-fsr_npp         1974  -2    1.000    0.000    2.000   10.000    0.000     -1     -1     -1
 cris-fsr_npp         1975  -2    1.000    0.000    2.000   10.000    0.000     -1     -1     -1
 cris-fsr_npp         1976  -2    1.000    0.000    2.000   10.000    0.000     -1     -1     -1
 cris-fsr_npp         1977  -2    1.000    0.000    2.000   10.000    0.000     -1     -1     -1
 cris-fsr_npp         1978  -2    1.000    0.000    2.000   10.000    0.000     -1     -1     -1
 cris-fsr_npp         1979  -2    1.000    0.000    2.000   10.000    0.000     -1     -1     -1
 cris-fsr_npp         1980  -2    1.000    0.000    2.000   10.000    0.000     -1     -1     -1
 cris-fsr_npp         1981  -2    1.000    0.000    2.000   10.000    0.000     -1     -1     -1
 cris-fsr_npp         1982  -2    1.000    0.000    2.000   10.000    0.000     -1     -1     -1
 cris-fsr_npp         1983  -2    1.000    0.000    2.000   10.000    0.000     -1     -1     -1
 cris-fsr_npp         1984  -2    1.000    0.000    2.000   10.000    0.000     -1     -1     -1
 cris-fsr_npp         1985  -2    1.000    0.000    2.000   10.000    0.000     -1     -1     -1
 cris-fsr_npp         1986  -2    1.000    0.000    2.000   10.000    0.000     -1     -1     -1
 cris-fsr_npp         1987  -2    1.000    0.000    2.000   10.000    0.000     -1     -1     -1
 cris-fsr_npp         2119  -2    1.000    0.000    2.000   10.000    0.000     -1     -1     -1
 cris-fsr_npp         2140  -2    1.000    0.000    2.000   10.000    0.000     -1     -1     -1
 cris-fsr_npp         2143  -2    1.000    0.000    2.000   10.000    0.000     -1     -1     -1
 cris-fsr_npp         2147  -2    1.000    0.000    2.000   10.000    0.000     -1     -1     -1
 cris-fsr_npp         2153  -2    1.000    0.000    2.000   10.000    0.000     -1     -1     -1
 cris-fsr_npp         2158  -2    1.000    0.000    2.000   10.000    0.000     -1     -1     -1
 cris-fsr_npp         2161  -2    1.000    0.000    2.000   10.000    0.000     -1     -1     -1
 cris-fsr_npp         2168  -2    1.000    0.000    2.000   10.000    0.000     -1     -1     -1
 cris-fsr_npp         2171  -2    1.000    0.000    2.000   10.000    0.000     -1     -1     -1
 cris-fsr_npp         2175  -2    1.000    0.000    2.000   10.000    0.000     -1     -1     -1
 cris-fsr_npp         2182  -2    1.000    0.000    2.000   10.000    0.000     -1     -1     -1
