 amsr2_gcom-w1           1  -1    0.800    5.000    2.400   20.000    0.000      1      1     -1
 amsr2_gcom-w1           2  -1    0.900    5.000    2.700   20.000    0.000      1      1     -1
 amsr2_gcom-w1           3  -1    0.800    5.000    2.400   20.000    0.000      1      1     -1
 amsr2_gcom-w1           4  -1    0.900    5.000    2.700   20.000    0.000      1      1     -1
 amsr2_gcom-w1           5  -1    1.000    5.000    3.000   20.000    0.000      1      1     -1
 amsr2_gcom-w1           6  -1    1.100   18.500    3.300   20.000    0.000      1      1     -1
 amsr2_gcom-w1           7  -1    2.000   20.000   30.000   20.000    0.000      1      1     -1
 amsr2_gcom-w1           8  -1    3.500   40.000   30.000   20.000    0.000      1      1     -1
 amsr2_gcom-w1           9  -1    3.000   20.000   30.000   20.000    0.000      1      1     -1
 amsr2_gcom-w1          10  -1    4.800   25.000   30.000   20.000    0.000      1      1     -1
 amsr2_gcom-w1          11  -1    5.000   30.000   50.000   20.000    0.000      1      1     -1
 amsr2_gcom-w1          12  -1    6.000   30.000   50.000   20.000    0.000      1      1     -1
 amsr2_gcom-w1          13  -1    4.500   30.000   50.000   20.000    0.000      1      1     -1
 amsr2_gcom-w1          14  -1    6.300   20.000   50.000   20.000    0.000      1      1     -1
