 ompslpnc_npp     1   -1  999.999  5.0    9.999 10.000  0.000
 ompslpnc_npp     2   -1  999.999  5.0    9.999 10.000  0.000
 ompslpnc_npp     3   -1  999.999  5.0    9.999 10.000  0.000
 ompslpnc_npp     4   -1  999.999  5.0    9.999 10.000  0.000
 ompslpnc_npp     5   -1  999.999  5.0    9.999 10.000  0.000
 ompslpnc_npp     6   -1  999.999  5.0    9.999 10.000  0.000
 ompslpnc_npp     7   -1  999.999  5.0    9.999 10.000  0.000
 ompslpnc_npp     8   -1  999.999  5.0    9.999 10.000  0.000
 ompslpnc_npp     9   -1  999.999  5.0    9.999 10.000  0.000
 ompslpnc_npp    10   -1  999.999  5.0    9.999 10.000  0.000
 ompslpnc_npp    11   -1  999.999  5.0    9.999 10.000  0.000
 ompslpnc_npp    12   -1  999.999  5.0    9.999 10.000  0.000
 ompslpnc_npp    13   -1  999.999  5.0    9.999 10.000  0.000
 ompslpnc_npp    14   -1  999.999  5.0    9.999 10.000  0.000
 ompslpnc_npp    15   -1  999.999  5.0    9.999 10.000  0.000
 ompslpnc_npp    16   -1  999.999  5.0    9.999 10.000  0.000
 ompslpnc_npp    17   -1  999.999  5.0    9.999 10.000  0.000
 ompslpnc_npp    18   -1  999.999  5.0    9.999 10.000  0.000
 ompslpnc_npp    19   -1  999.999  5.0    9.999 10.000  0.000
 ompslpnc_npp    20   -1  999.999  5.0    9.999 10.000  0.000
 ompslpnc_npp    21   -1  999.999  5.0    9.999 10.000  0.000
 ompslpnc_npp    22   -1  999.999  5.0    9.999 10.000  0.000
 ompslpnc_npp    23   -1  999.999  5.0    9.999 10.000  0.000
 ompslpnc_npp    24   -1  999.999  5.0    9.999 10.000  0.000
 ompslpnc_npp    25   -1  999.999  5.0    9.999 10.000  0.000
 ompslpnc_npp    26   -1  999.999  5.0    9.999 10.000  0.000
 ompslpnc_npp    27   -1  999.999  5.0    9.999 10.000  0.000
 ompslpnc_npp    28   -1  999.999  5.0    9.999 10.000  0.000
 ompslpnc_npp    29   -1  999.999  5.0    9.999 10.000  0.000
 ompslpnc_npp    30   -1  999.999  5.0    9.999 10.000  0.000
 ompslpnc_npp    31   -1  999.999  5.0    9.999 10.000  0.000
 ompslpnc_npp    32   -1  999.999  5.0    9.999 10.000  0.000
 ompslpnc_npp    33   -1  999.999  5.0    9.999 10.000  0.000
 ompslpnc_npp    34   -1  999.999  5.0    9.999 10.000  0.000
 ompslpnc_npp    35   -1  999.999  5.0    9.999 10.000  0.000
 ompslpnc_npp    36   -1  999.999  5.0    9.999 10.000  0.000
 ompslpnc_npp    37   -1  999.999  5.0    9.999 10.000  0.000
 ompslpnc_npp    38   -1  999.999  5.0    9.999 10.000  0.000
 ompslpnc_npp    39   -1  999.999  5.0    9.999 10.000  0.000
 ompslpnc_npp    40   -1  999.999  5.0    9.999 10.000  0.000
 ompslpnc_npp    41   -1  999.999  5.0    9.999 10.000  0.000
 ompslpnc_npp    42   -1  999.999  5.0    9.999 10.000  0.000
 ompslpnc_npp    43   -1  999.999  5.0    9.999 10.000  0.000
 ompslpnc_npp    44   -1  999.999  5.0    9.999 10.000  0.000
 ompslpnc_npp    45   -1  999.999  5.0    9.999 10.000  0.000
 ompslpnc_npp    46   -1  999.999  5.0    9.999 10.000  0.000
 ompslpnc_npp    47   -1  999.999  5.0    9.999 10.000  0.000
 ompslpnc_npp    48   -1  999.999  5.0    9.999 10.000  0.000
 ompslpnc_npp    49   -1  999.999  5.0    9.999 10.000  0.000
 ompslpnc_npp    50   -1  999.999  5.0    9.999 10.000  0.000
 ompslpnc_npp    51   -1  999.999  5.0    9.999 10.000  0.000
 ompslpnc_npp    52   -1  999.999  5.0    9.999 10.000  0.000
 ompslpnc_npp    53   -1  999.999  5.0    9.999 10.000  0.000
 ompslpnc_npp    54   -1  999.999  5.0    9.999 10.000  0.000
 ompslpnc_npp    55   -1  999.999  5.0    9.999 10.000  0.000
 ompslpnc_npp    56   -1  999.999  5.0    9.999 10.000  0.000
