 ompsnp_npp       1   -1    0.100  1.000  0.040 10.000  0.000
 ompsnp_npp       2   -1    0.158  1.000  0.020 10.000  0.000
 ompsnp_npp       3   -1    0.251  1.000  0.015 10.000  0.000
 ompsnp_npp       4   -1    0.398  1.000  0.030 10.000  0.000
 ompsnp_npp       5   -1    0.631  1.000  0.150 10.000  0.000
 ompsnp_npp       6    1    1.000  1.000  0.056 10.000  0.000
 ompsnp_npp       7    1    1.580  1.000  0.125 10.000  0.000
 ompsnp_npp       8    1    2.510  1.282  0.200 10.000  0.000
 ompsnp_npp       9    1    3.980  2.051  0.299 10.000  0.000
 ompsnp_npp      10    1    6.310  2.641  0.587 10.000  0.000
 ompsnp_npp      11    1   10.000  3.590  0.864 10.000  0.000
 ompsnp_npp      12    1   15.800  5.052  1.547 10.000  0.000
 ompsnp_npp      13    1   25.100  6.273  2.718 10.000  0.000
 ompsnp_npp      14    1   39.800  7.000  3.893 10.000  0.000
 ompsnp_npp      15    1   63.100  6.940  4.353 10.000  0.000
 ompsnp_npp      16    1  100.000  5.752  3.971 10.000  0.000
 ompsnp_npp      17    1  158.000  4.422  4.407 10.000  0.000
 ompsnp_npp      18    1  251.000  4.000  4.428 10.000  0.000
 ompsnp_npp      19    1  398.000  3.000  3.312 10.000  0.000
 ompsnp_npp      20    1  631.000  3.000  2.198 10.000  0.000
 ompsnp_npp      21    1 1000.000  3.000  2.285 10.000  0.000
 ompsnp_npp      22   -1    0.000 12.000  7.236 10.000  0.000
